Confusion Matrix:
 [[11  1  7  0  0  0  0  0  0  0  0]
 [ 0  3 16  0  0  0  0  0  0  0  2]
 [ 2  1 13  0  0  0  0  0  0  1  2]
 [ 0  0  0  8  0  2  3  1  0  0  1]
 [ 0  0  0 11  0  5  4  0  1  0  1]
 [ 1  0  0  0  0  9  5  0  1  0  0]
 [ 0  0  0  1  0  7  6  1  2  0  0]
 [ 1  0  0  3  0  6  1  0 11  0  0]
 [ 0  0  0  1  0  7  0  0 13  0  0]
 [ 0  1  1  0  0  0  0  0  0  7 10]
 [ 0  0  0  1  0  0  0  0  0  2 10]]

Classification Report:
               precision    recall  f1-score   support

           0      0.733     0.579     0.647        19
           1      0.500     0.143     0.222        21
           2      0.351     0.684     0.464        19
           3      0.320     0.533     0.400        15
           4      0.000     0.000     0.000        22
           5      0.250     0.562     0.346        16
           6      0.316     0.353     0.333        17
           7      0.000     0.000     0.000        22
           8      0.464     0.619     0.531        21
           9      0.700     0.368     0.483        19
          10      0.385     0.769     0.513        13

    accuracy                          0.392       204
   macro avg      0.365     0.419     0.358       204
weighted avg      0.359     0.392     0.343       204


Features: [alpha, beta, mobility, rms, complexity]
5 LSTM segments
Feature Normalization

